Classical models on TAQYIM
==========================

=== LOGREG on validation ===
                     precision    recall  f1-score   support

           Ambience       0.10      0.29      0.15        48
       Availability       0.31      0.44      0.36         9
       Care_quality       0.16      0.31      0.21        13
Cleanliness_hygiene       0.11      0.41      0.17        17
              Delay       1.00      1.00      1.00        76
       Food_quality       0.03      0.11      0.05         9
  Global_experience       0.85      0.44      0.58       502
        Information       0.29      0.50      0.36        54
       Presentation       0.54      0.60      0.57       416
              Price       1.00      1.00      1.00       156
        Price_value       0.32      0.44      0.37        57
    Product_quality       0.24      0.49      0.33        47
            Quality       1.00      1.00      1.00       463
            Service       0.93      0.61      0.74       332
              Speed       0.36      0.51      0.42        41

           accuracy                           0.67      2240
          macro avg       0.48      0.54      0.49      2240
       weighted avg       0.77      0.67      0.69      2240

Confusion matrix:
[[ 14   0   0   3   0   2   3   3  16   0   1   0   0   5   1]
 [  2   4   0   1   0   0   0   0   1   0   0   1   0   0   0]
 [  1   0   4   1   0   0   0   2   3   0   1   1   0   0   0]
 [  2   0   0   7   0   0   0   0   4   0   1   3   0   0   0]
 [  0   0   0   0  76   0   0   0   0   0   0   0   0   0   0]
 [  3   0   1   1   0   1   1   0   0   0   0   2   0   0   0]
 [ 37   2   8  13   0  12 219  27 122   0  15  32   0   6   9]
 [  2   1   0   2   0   0   3  27   3   0   3   9   0   1   3]
 [ 50   2   5  29   0  15  22   7 249   0  15  13   0   1   8]
 [  0   0   0   0   0   0   0   0   0 156   0   0   0   0   0]
 [  6   0   1   1   0   0   0   2  18   0  25   1   0   1   2]
 [  4   1   1   1   0   1   0   5   6   0   2  23   0   1   2]
 [  0   0   0   0   0   0   0   0   0   0   0   0 463   0   0]
 [ 15   3   5   4   0   1  11  15  41   0  15   5   0 204  13]
 [  5   0   0   1   0   0   0   6   2   0   1   4   0   1  21]]

=== LOGREG on test ===
                     precision    recall  f1-score   support

           Ambience       0.10      0.33      0.16        60
       Availability       0.20      0.27      0.23        11
       Care_quality       0.11      0.25      0.15        16
Cleanliness_hygiene       0.05      0.19      0.09        21
              Delay       1.00      1.00      1.00        96
       Food_quality       0.07      0.27      0.11        11
  Global_experience       0.82      0.38      0.52       628
        Information       0.34      0.66      0.44        67
       Presentation       0.54      0.59      0.57       519
              Price       1.00      1.00      1.00       195
        Price_value       0.29      0.41      0.34        71
    Product_quality       0.14      0.30      0.19        60
            Quality       1.00      1.00      1.00       579
            Service       0.94      0.61      0.74       415
              Speed       0.35      0.53      0.42        51

           accuracy                           0.65      2800
          macro avg       0.46      0.52      0.46      2800
       weighted avg       0.76      0.65      0.68      2800

Confusion matrix:
[[ 20   0   3   2   0   0   4   1  19   0   9   0   0   2   0]
 [  2   3   0   0   0   0   0   2   1   0   0   2   0   0   1]
 [  0   0   4   0   0   0   1   4   3   0   1   3   0   0   0]
 [  4   0   0   4   0   0   3   0   6   0   1   2   0   0   1]
 [  0   0   0   0  96   0   0   0   0   0   0   0   0   0   0]
 [  2   0   0   0   0   3   1   2   1   0   0   1   0   0   1]
 [ 57   6  12  32   0   8 241  25 161   0  20  41   0   4  21]
 [  3   1   0   1   0   0   2  44   4   0   1   8   0   1   2]
 [ 56   2   8  21   0  26  25   8 308   0  23  28   1   5   8]
 [  0   0   0   0   0   0   0   0   0 195   0   0   0   0   0]
 [  9   0   2   2   0   1   4   4  13   0  29   5   0   0   2]
 [  6   1   1   3   0   1   1  14   8   0   2  18   0   1   4]
 [  0   0   0   0   0   0   0   0   0   0   0   0 579   0   0]
 [ 28   2   5   8   0   4  12  20  38   0  14  20   0 254  10]
 [  7   0   1   0   0   0   1   7   4   0   0   2   0   2  27]]

=== SVM on validation ===
                     precision    recall  f1-score   support

           Ambience       0.10      0.19      0.13        48
       Availability       0.33      0.33      0.33         9
       Care_quality       0.15      0.15      0.15        13
Cleanliness_hygiene       0.16      0.35      0.22        17
              Delay       1.00      1.00      1.00        76
       Food_quality       0.04      0.11      0.06         9
  Global_experience       0.72      0.55      0.62       502
        Information       0.36      0.43      0.39        54
       Presentation       0.56      0.61      0.59       416
              Price       1.00      1.00      1.00       156
        Price_value       0.35      0.40      0.38        57
    Product_quality       0.30      0.43      0.35        47
            Quality       1.00      1.00      1.00       463
            Service       0.84      0.72      0.78       332
              Speed       0.43      0.56      0.48        41

           accuracy                           0.70      2240
          macro avg       0.49      0.52      0.50      2240
       weighted avg       0.74      0.70      0.72      2240

Confusion matrix:
[[  9   0   1   4   0   1   6   2  17   0   1   2   0   5   0]
 [  0   3   0   1   0   0   1   0   1   0   0   1   0   1   1]
 [  1   0   2   0   0   0   2   0   2   0   1   2   0   2   1]
 [  2   0   0   6   0   0   2   0   3   0   1   2   0   1   0]
 [  0   0   0   0  76   0   0   0   0   0   0   0   0   0   0]
 [  3   0   1   0   0   1   1   0   1   0   0   2   0   0   0]
 [ 19   2   4   8   0   9 275  17 112   0  13  15   1  20   7]
 [  2   0   0   0   0   0  10  23   5   0   3   6   0   2   3]
 [ 31   1   0  15   0  13  57   5 254   0  14   8   0   8  10]
 [  0   0   0   0   0   0   0   0   0 156   0   0   0   0   0]
 [  7   0   1   1   0   0   3   1  13   0  23   3   0   3   2]
 [  4   1   1   0   0   1   3   5   8   0   1  20   0   1   2]
 [  0   0   0   0   0   0   0   0   0   0   0   0 463   0   0]
 [  9   2   3   2   0   2  21   7  33   0   8   1   0 239   5]
 [  4   0   0   1   0   0   1   4   2   0   0   4   0   2  23]]

=== SVM on test ===
                     precision    recall  f1-score   support

           Ambience       0.12      0.25      0.16        60
       Availability       0.27      0.36      0.31        11
       Care_quality       0.11      0.12      0.11        16
Cleanliness_hygiene       0.08      0.19      0.12        21
              Delay       1.00      1.00      1.00        96
       Food_quality       0.08      0.27      0.12        11
  Global_experience       0.70      0.48      0.57       628
        Information       0.41      0.58      0.48        67
       Presentation       0.54      0.58      0.56       519
              Price       1.00      1.00      1.00       195
        Price_value       0.32      0.38      0.35        71
    Product_quality       0.14      0.22      0.17        60
            Quality       1.00      1.00      1.00       579
            Service       0.82      0.72      0.76       415
              Speed       0.40      0.47      0.43        51

           accuracy                           0.68      2800
          macro avg       0.46      0.51      0.48      2800
       weighted avg       0.72      0.68      0.69      2800

Confusion matrix:
[[ 15   2   3   2   0   0   8   1  11   0   8   2   0   5   3]
 [  1   4   0   0   0   0   2   1   0   0   0   2   0   1   0]
 [  1   0   2   0   0   0   4   2   2   0   0   2   0   3   0]
 [  0   0   0   4   0   1   6   1   7   0   0   1   0   0   1]
 [  0   0   0   0  96   0   0   0   0   0   0   0   0   0   0]
 [  2   0   0   0   0   3   3   0   0   0   0   0   0   2   1]
 [ 29   2   4  15   0   7 304  14 162   0  16  32   0  30  13]
 [  2   0   0   1   0   0   4  39   6   0   2   7   0   4   2]
 [ 39   5   5  17   0  23  62   7 299   0  17  21   1  13  10]
 [  0   0   0   0   0   0   0   0   0 195   0   0   0   0   0]
 [  9   0   2   2   0   0   5   2  16   0  27   4   0   4   0]
 [  5   1   1   3   0   2   8  11   7   0   4  13   0   1   4]
 [  0   0   0   0   0   0   0   0   0   0   0   0 579   0   0]
 [ 17   1   2   3   0   2  24  13  32   0  11  11   0 297   2]
 [  3   0   0   1   0   0   6   5   8   0   0   0   0   4  24]]

=== NB on validation ===
                     precision    recall  f1-score   support

           Ambience       0.00      0.00      0.00        48
       Availability       0.00      0.00      0.00         9
       Care_quality       0.00      0.00      0.00        13
Cleanliness_hygiene       0.00      0.00      0.00        17
              Delay       1.00      1.00      1.00        76
       Food_quality       0.00      0.00      0.00         9
  Global_experience       0.60      0.65      0.62       502
        Information       0.38      0.26      0.31        54
       Presentation       0.49      0.73      0.59       416
              Price       0.99      1.00      1.00       156
        Price_value       1.00      0.02      0.03        57
    Product_quality       0.00      0.00      0.00        47
            Quality       1.00      1.00      1.00       463
            Service       0.71      0.73      0.72       332
              Speed       0.67      0.05      0.09        41

           accuracy                           0.71      2240
          macro avg       0.46      0.36      0.36      2240
       weighted avg       0.69      0.71      0.67      2240

Confusion matrix:
[[  0   0   0   0   0   0  11   0  32   0   0   0   0   5   0]
 [  0   0   0   0   0   0   5   1   2   0   0   0   0   1   0]
 [  0   0   0   0   0   0   1   0   5   0   0   0   0   7   0]
 [  0   0   0   0   0   0   2   0  10   0   0   0   0   5   0]
 [  0   0   0   0  76   0   0   0   0   0   0   0   0   0   0]
 [  0   0   0   0   0   0   3   1   4   0   0   0   0   1   0]
 [  0   0   0   0   0   0 324   9 141   0   0   0   1  27   0]
 [  0   0   0   0   0   0  18  14   8   0   0   0   0  14   0]
 [  0   0   0   0   0   0 105   3 304   0   0   0   0   4   0]
 [  0   0   0   0   0   0   0   0   0 156   0   0   0   0   0]
 [  0   0   0   0   0   0  10   1  34   0   1   0   0  11   0]
 [  0   0   0   0   0   0  24   3  13   0   0   0   0   7   0]
 [  0   0   0   0   0   0   0   0   0   0   0   0 463   0   0]
 [  0   0   0   0   0   0  26   3  59   1   0   0   0 242   1]
 [  0   0   0   0   0   0   9   2  10   0   0   2   0  16   2]]

=== NB on test ===
                     precision    recall  f1-score   support

           Ambience       0.00      0.00      0.00        60
       Availability       0.00      0.00      0.00        11
       Care_quality       0.00      0.00      0.00        16
Cleanliness_hygiene       0.00      0.00      0.00        21
              Delay       1.00      1.00      1.00        96
       Food_quality       0.00      0.00      0.00        11
  Global_experience       0.59      0.59      0.59       628
        Information       0.47      0.37      0.42        67
       Presentation       0.47      0.74      0.57       519
              Price       1.00      1.00      1.00       195
        Price_value       0.00      0.00      0.00        71
    Product_quality       0.60      0.05      0.09        60
            Quality       1.00      1.00      1.00       579
            Service       0.71      0.72      0.71       415
              Speed       1.00      0.02      0.04        51

           accuracy                           0.70      2800
          macro avg       0.46      0.37      0.36      2800
       weighted avg       0.68      0.70      0.67      2800

Confusion matrix:
[[  0   0   0   0   0   0  11   0  41   0   0   0   0   8   0]
 [  0   0   0   0   0   0   3   1   2   0   0   0   0   5   0]
 [  0   0   0   0   0   0   3   0   6   0   0   0   0   7   0]
 [  0   0   0   0   0   0   7   0  12   0   0   0   0   2   0]
 [  0   0   0   0  96   0   0   0   0   0   0   0   0   0   0]
 [  0   0   0   0   0   0   4   0   3   0   0   0   0   4   0]
 [  0   0   0   0   0   0 368   5 224   0   0   2   0  29   0]
 [  0   0   0   0   0   0  13  25   7   0   0   0   0  22   0]
 [  0   0   0   0   0   0 125   0 384   0   0   0   1   9   0]
 [  0   0   0   0   0   0   0   0   0 195   0   0   0   0   0]
 [  0   0   0   0   0   0  15   3  40   0   0   0   0  13   0]
 [  0   0   0   0   0   0  29   9  14   0   0   3   0   5   0]
 [  0   0   0   0   0   0   0   0   0   0   0   0 579   0   0]
 [  0   0   0   0   0   0  37   6  73   0   0   0   0 299   0]
 [  0   0   0   0   0   0  13   4  12   0   0   0   0  21   1]]

=== RF on validation ===
                     precision    recall  f1-score   support

           Ambience       0.17      0.04      0.07        48
       Availability       0.00      0.00      0.00         9
       Care_quality       0.12      0.08      0.10        13
Cleanliness_hygiene       0.00      0.00      0.00        17
              Delay       1.00      1.00      1.00        76
       Food_quality       0.20      0.11      0.14         9
  Global_experience       0.57      0.64      0.60       502
        Information       0.53      0.17      0.25        54
       Presentation       0.52      0.78      0.62       416
              Price       1.00      1.00      1.00       156
        Price_value       0.68      0.23      0.34        57
    Product_quality       0.17      0.02      0.04        47
            Quality       1.00      1.00      1.00       463
            Service       0.88      0.72      0.79       332
              Speed       0.69      0.22      0.33        41

           accuracy                           0.72      2240
          macro avg       0.50      0.40      0.42      2240
       weighted avg       0.72      0.72      0.70      2240

Confusion matrix:
[[  2   0   0   0   0   0  12   0  30   0   0   0   0   4   0]
 [  0   0   0   0   0   0   6   0   3   0   0   0   0   0   0]
 [  0   0   1   0   0   0   5   0   5   0   0   0   0   2   0]
 [  0   0   1   0   0   0   8   0   6   0   1   1   0   0   0]
 [  0   0   0   0  76   0   0   0   0   0   0   0   0   0   0]
 [  0   0   0   0   0   1   4   0   4   0   0   0   0   0   0]
 [  4   0   3   2   0   3 319   4 156   0   1   1   0   9   0]
 [  0   0   0   0   0   0  33   9   8   0   0   0   0   3   1]
 [  5   0   1   1   0   0  69   1 324   0   2   2   0   9   2]
 [  0   0   0   0   0   0   0   0   0 156   0   0   0   0   0]
 [  1   0   1   0   0   0  20   0  19   0  13   0   0   3   0]
 [  0   0   0   0   0   0  30   3  13   0   0   1   0   0   0]
 [  0   0   0   0   0   0   0   0   0   0   0   0 463   0   0]
 [  0   0   1   1   0   1  36   0  50   0   2   0   0 240   1]
 [  0   0   0   0   0   0  19   0   8   0   0   1   0   4   9]]

=== RF on test ===
                     precision    recall  f1-score   support

           Ambience       0.00      0.00      0.00        60
       Availability       0.00      0.00      0.00        11
       Care_quality       0.00      0.00      0.00        16
Cleanliness_hygiene       0.33      0.14      0.20        21
              Delay       1.00      1.00      1.00        96
       Food_quality       0.00      0.00      0.00        11
  Global_experience       0.56      0.61      0.58       628
        Information       0.71      0.25      0.37        67
       Presentation       0.51      0.78      0.62       519
              Price       1.00      1.00      1.00       195
        Price_value       0.67      0.25      0.37        71
    Product_quality       0.33      0.02      0.03        60
            Quality       1.00      1.00      1.00       579
            Service       0.83      0.70      0.76       415
              Speed       0.65      0.25      0.37        51

           accuracy                           0.71      2800
          macro avg       0.51      0.40      0.42      2800
       weighted avg       0.71      0.71      0.70      2800

Confusion matrix:
[[  0   0   0   0   0   0  16   0  37   0   0   0   0   7   0]
 [  0   0   0   0   0   0   7   0   3   0   0   0   0   1   0]
 [  0   0   0   0   0   0   9   0   4   0   0   0   0   3   0]
 [  0   0   0   3   0   0   9   0   9   0   0   0   0   0   0]
 [  0   0   0   0  96   0   0   0   0   0   0   0   0   0   0]
 [  0   0   0   0   0   0   7   0   2   0   0   0   0   2   0]
 [  5   0   3   4   0   2 381   2 207   0   0   2   0  20   2]
 [  0   0   0   0   0   0  37  17   7   0   0   0   0   4   2]
 [  7   0   5   2   0   3  79   1 404   0   3   0   1  13   1]
 [  0   0   0   0   0   0   0   0   0 195   0   0   0   0   0]
 [  0   0   2   0   0   0  22   0  28   0  18   0   0   1   0]
 [  1   0   0   0   0   0  39   2  13   0   1   1   0   3   0]
 [  0   0   0   0   0   0   0   0   0   0   0   0 579   0   0]
 [  2   0   3   0   0   0  47   0  65   0   4   0   0 292   2]
 [  0   0   0   0   0   0  22   2   8   0   1   0   0   5  13]]
