Classical models on TAQYIM
==========================

=== LOGREG on validation ===
                     precision    recall  f1-score   support

           Ambience       0.14      0.38      0.20        48
       Availability       0.38      0.33      0.35         9
       Care_quality       0.22      0.31      0.26        13
Cleanliness_hygiene       0.20      0.35      0.26        17
              Delay       1.00      1.00      1.00        76
       Food_quality       0.67      0.22      0.33         9
  Global_experience       0.85      0.44      0.58       502
        Information       0.29      0.65      0.40        54
       Presentation       0.53      0.74      0.62       416
              Price       1.00      1.00      1.00       156
        Price_value       0.39      0.44      0.41        57
    Product_quality       0.24      0.34      0.28        47
            Quality       1.00      1.00      1.00       463
            Service       0.93      0.60      0.73       332
              Speed       0.40      0.51      0.45        41

           accuracy                           0.69      2240
          macro avg       0.55      0.55      0.52      2240
       weighted avg       0.78      0.69      0.71      2240

Confusion matrix:
[[ 18   0   0   2   0   0   3   2  17   0   1   0   0   3   2]
 [  2   3   0   1   0   0   0   1   1   0   0   1   0   0   0]
 [  0   0   4   1   0   0   0   2   4   0   1   1   0   0   0]
 [  1   0   0   6   0   0   0   0   7   0   1   2   0   0   0]
 [  0   0   0   0  76   0   0   0   0   0   0   0   0   0   0]
 [  2   0   0   0   0   2   1   1   1   0   0   2   0   0   0]
 [ 28   3   6   8   0   0 221  31 157   0   8  27   0   7   6]
 [  1   0   0   0   0   0   2  35   7   0   1   5   0   0   3]
 [ 50   0   3  10   0   0  22   6 308   0   8   3   0   2   4]
 [  0   0   0   0   0   0   0   0   0 156   0   0   0   0   0]
 [  6   0   1   0   0   0   0   4  17   0  25   1   0   1   2]
 [  4   1   1   0   0   0   1   9   9   0   4  16   0   0   2]
 [  0   0   0   0   0   0   0   0   0   0   0   0 463   0   0]
 [ 13   1   3   2   0   1  10  23  50   0  13   6   0 198  12]
 [  5   0   0   0   0   0   0   6   2   0   2   3   0   2  21]]

=== LOGREG on test ===
                     precision    recall  f1-score   support

           Ambience       0.12      0.33      0.18        60
       Availability       0.50      0.27      0.35        11
       Care_quality       0.11      0.12      0.12        16
Cleanliness_hygiene       0.11      0.19      0.14        21
              Delay       1.00      1.00      1.00        96
       Food_quality       1.00      0.27      0.43        11
  Global_experience       0.85      0.41      0.55       628
        Information       0.28      0.66      0.39        67
       Presentation       0.53      0.76      0.62       519
              Price       1.00      1.00      1.00       195
        Price_value       0.38      0.41      0.39        71
    Product_quality       0.18      0.27      0.22        60
            Quality       1.00      1.00      1.00       579
            Service       0.96      0.61      0.75       415
              Speed       0.43      0.49      0.46        51

           accuracy                           0.69      2800
          macro avg       0.56      0.52      0.51      2800
       weighted avg       0.78      0.69      0.70      2800

Confusion matrix:
[[ 20   0   1   2   0   0   1   3  27   0   4   0   0   2   0]
 [  1   3   0   0   0   0   0   2   2   0   0   3   0   0   0]
 [  1   0   2   0   0   0   2   6   3   0   0   1   0   0   1]
 [  3   0   0   4   0   0   3   0  10   0   0   1   0   0   0]
 [  0   0   0   0  96   0   0   0   0   0   0   0   0   0   0]
 [  1   0   0   0   0   3   0   2   3   0   0   2   0   0   0]
 [ 49   2   3  17   0   0 255  35 212   0  11  28   0   3  13]
 [  2   1   0   0   0   0   1  44   8   0   1   9   0   0   1]
 [ 45   0   3   8   0   0  23   7 396   0  17  12   0   4   4]
 [  0   0   0   0   0   0   0   0   0 195   0   0   0   0   0]
 [ 10   0   1   2   0   0   3   4  19   0  29   2   0   1   0]
 [  5   0   1   2   0   0   1  17  13   0   2  16   0   0   3]
 [  0   0   0   0   0   0   0   0   0   0   0   0 579   0   0]
 [ 22   0   6   2   0   0  11  27  57   0  13  11   0 255  11]
 [  8   0   1   0   0   0   1   9   3   0   0   2   0   2  25]]

=== SVM on validation ===
                     precision    recall  f1-score   support

           Ambience       0.20      0.27      0.23        48
       Availability       0.33      0.22      0.27         9
       Care_quality       0.25      0.23      0.24        13
Cleanliness_hygiene       0.29      0.35      0.32        17
              Delay       1.00      1.00      1.00        76
       Food_quality       0.50      0.22      0.31         9
  Global_experience       0.67      0.60      0.63       502
        Information       0.40      0.46      0.43        54
       Presentation       0.56      0.65      0.60       416
              Price       0.99      1.00      1.00       156
        Price_value       0.46      0.46      0.46        57
    Product_quality       0.38      0.45      0.41        47
            Quality       1.00      1.00      1.00       463
            Service       0.83      0.73      0.77       332
              Speed       0.56      0.49      0.52        41

           accuracy                           0.72      2240
          macro avg       0.56      0.54      0.54      2240
       weighted avg       0.74      0.72      0.73      2240

Confusion matrix:
[[ 13   0   1   2   0   0   7   1  17   0   0   0   0   6   1]
 [  0   2   0   1   0   0   1   1   2   0   0   0   0   2   0]
 [  0   0   3   0   0   0   2   0   5   0   0   1   0   2   0]
 [  0   0   0   6   0   0   0   0   6   0   1   1   0   3   0]
 [  0   0   0   0  76   0   0   0   0   0   0   0   0   0   0]
 [  1   0   0   0   0   2   1   1   2   0   0   2   0   0   0]
 [ 12   2   4   3   0   0 299  14 123   0   6  15   0  19   5]
 [  0   0   0   1   0   0  13  25   4   0   3   3   0   4   1]
 [ 23   0   2   6   0   1  83   5 271   0   7   7   0   8   3]
 [  0   0   0   0   0   0   0   0   0 156   0   0   0   0   0]
 [  5   0   1   0   0   0   6   1  14   0  26   0   0   3   1]
 [  3   1   0   0   0   0   4   6   7   0   3  21   0   1   1]
 [  0   0   0   0   0   0   0   0   0   0   0   0 463   0   0]
 [  6   1   1   2   0   1  27   3  34   1   8   3   0 241   4]
 [  3   0   0   0   0   0   4   6   1   0   2   3   0   2  20]]

=== SVM on test ===
                     precision    recall  f1-score   support

           Ambience       0.22      0.25      0.23        60
       Availability       0.38      0.27      0.32        11
       Care_quality       0.00      0.00      0.00        16
Cleanliness_hygiene       0.29      0.19      0.23        21
              Delay       1.00      1.00      1.00        96
       Food_quality       0.75      0.27      0.40        11
  Global_experience       0.65      0.55      0.60       628
        Information       0.42      0.58      0.49        67
       Presentation       0.55      0.67      0.61       519
              Price       1.00      1.00      1.00       195
        Price_value       0.51      0.46      0.49        71
    Product_quality       0.23      0.25      0.24        60
            Quality       1.00      1.00      1.00       579
            Service       0.78      0.74      0.76       415
              Speed       0.50      0.41      0.45        51

           accuracy                           0.72      2800
          macro avg       0.55      0.51      0.52      2800
       weighted avg       0.72      0.72      0.72      2800

Confusion matrix:
[[ 15   0   0   0   0   0  15   0  22   0   2   0   0   6   0]
 [  1   3   0   0   0   0   2   1   2   0   0   1   0   1   0]
 [  0   0   0   0   0   0   4   1   3   0   0   3   0   5   0]
 [  1   0   0   4   0   0   5   0   9   0   0   1   0   1   0]
 [  0   0   0   0  96   0   0   0   0   0   0   0   0   0   0]
 [  0   0   0   0   0   3   4   0   2   0   0   0   0   2   0]
 [ 16   1   4   4   0   0 346  15 169   0  12  18   0  35   8]
 [  1   1   0   0   0   0   7  39   4   0   1   7   0   4   3]
 [ 17   1   3   2   0   1  98   6 347   0  10  10   1  19   4]
 [  0   0   0   0   0   0   0   0   0 195   0   0   0   0   0]
 [  6   0   1   2   0   0   8   1  15   0  33   2   0   3   0]
 [  2   1   1   2   0   0   9  11  11   0   3  15   0   2   3]
 [  0   0   0   0   0   0   0   0   0   0   0   0 579   0   0]
 [  5   1   3   0   0   0  33  13  38   0   4   6   0 309   3]
 [  4   0   0   0   0   0   4   5   6   0   0   3   0   8  21]]

=== NB on validation ===
                     precision    recall  f1-score   support

           Ambience       0.00      0.00      0.00        48
       Availability       0.00      0.00      0.00         9
       Care_quality       0.00      0.00      0.00        13
Cleanliness_hygiene       0.00      0.00      0.00        17
              Delay       1.00      1.00      1.00        76
       Food_quality       0.00      0.00      0.00         9
  Global_experience       0.50      0.78      0.61       502
        Information       0.00      0.00      0.00        54
       Presentation       0.52      0.53      0.52       416
              Price       0.99      1.00      1.00       156
        Price_value       0.00      0.00      0.00        57
    Product_quality       0.00      0.00      0.00        47
            Quality       1.00      1.00      1.00       463
            Service       0.72      0.72      0.72       332
              Speed       0.00      0.00      0.00        41

           accuracy                           0.69      2240
          macro avg       0.32      0.34      0.32      2240
       weighted avg       0.62      0.69      0.65      2240

Confusion matrix:
[[  0   0   0   0   0   0  19   0  25   0   0   0   0   4   0]
 [  0   0   0   0   0   0   8   0   1   0   0   0   0   0   0]
 [  0   0   0   0   0   0   3   0   5   0   0   0   0   5   0]
 [  0   0   0   0   0   0   6   0   7   0   0   0   0   4   0]
 [  0   0   0   0  76   0   0   0   0   0   0   0   0   0   0]
 [  0   0   0   0   0   0   4   0   4   0   0   0   0   1   0]
 [  0   0   0   0   0   0 391   0  88   0   0   0   1  22   0]
 [  0   0   0   0   0   0  30   0   5   0   0   0   0  19   0]
 [  0   0   0   0   0   0 193   0 219   0   0   0   0   4   0]
 [  0   0   0   0   0   0   0   0   0 156   0   0   0   0   0]
 [  0   0   0   0   0   0  28   0  20   0   0   0   0   9   0]
 [  0   0   0   0   0   0  33   0   7   0   0   0   0   7   0]
 [  0   0   0   0   0   0   0   0   0   0   0   0 463   0   0]
 [  0   0   0   0   0   0  57   0  34   1   0   0   0 240   0]
 [  0   0   0   0   0   0  17   0   4   0   0   0   0  20   0]]

=== NB on test ===
                     precision    recall  f1-score   support

           Ambience       0.00      0.00      0.00        60
       Availability       0.00      0.00      0.00        11
       Care_quality       0.00      0.00      0.00        16
Cleanliness_hygiene       0.00      0.00      0.00        21
              Delay       1.00      1.00      1.00        96
       Food_quality       0.00      0.00      0.00        11
  Global_experience       0.50      0.74      0.60       628
        Information       0.00      0.00      0.00        67
       Presentation       0.50      0.55      0.52       519
              Price       1.00      1.00      1.00       195
        Price_value       0.00      0.00      0.00        71
    Product_quality       0.00      0.00      0.00        60
            Quality       0.99      1.00      1.00       579
            Service       0.72      0.73      0.73       415
              Speed       0.00      0.00      0.00        51

           accuracy                           0.69      2800
          macro avg       0.31      0.33      0.32      2800
       weighted avg       0.62      0.69      0.65      2800

Confusion matrix:
[[  0   0   0   0   0   0  21   0  31   0   0   0   0   8   0]
 [  0   0   0   0   0   0   5   0   2   0   0   0   0   4   0]
 [  0   0   0   0   0   0   8   0   2   0   0   0   0   6   0]
 [  0   0   0   0   0   0  13   0   6   0   0   0   0   2   0]
 [  0   0   0   0  96   0   0   0   0   0   0   0   0   0   0]
 [  0   0   0   0   0   0   4   0   3   0   0   0   0   4   0]
 [  0   0   0   0   0   0 467   0 135   0   0   0   0  26   0]
 [  0   0   0   0   0   0  39   0   5   0   0   0   1  22   0]
 [  0   0   0   0   0   0 227   0 284   0   0   0   1   7   0]
 [  0   0   0   0   0   0   0   0   0 195   0   0   0   0   0]
 [  0   0   0   0   0   0  29   0  34   0   0   0   0   8   0]
 [  0   0   0   0   0   0  42   0   9   0   0   0   0   9   0]
 [  0   0   0   0   0   0   0   0   0   0   0   0 579   0   0]
 [  0   0   0   0   0   0  65   0  46   0   0   0   1 303   0]
 [  0   0   0   0   0   0  20   0  10   0   0   0   0  21   0]]

=== RF on validation ===
                     precision    recall  f1-score   support

           Ambience       0.13      0.21      0.16        48
       Availability       0.67      0.22      0.33         9
       Care_quality       0.11      0.08      0.09        13
Cleanliness_hygiene       0.25      0.06      0.10        17
              Delay       1.00      1.00      1.00        76
       Food_quality       0.75      0.33      0.46         9
  Global_experience       0.97      0.29      0.44       502
        Information       0.19      0.65      0.29        54
       Presentation       0.45      0.88      0.60       416
              Price       0.99      1.00      1.00       156
        Price_value       0.56      0.26      0.36        57
    Product_quality       0.29      0.17      0.21        47
            Quality       1.00      1.00      1.00       463
            Service       0.98      0.60      0.75       332
              Speed       0.44      0.41      0.42        41

           accuracy                           0.67      2240
          macro avg       0.58      0.48      0.48      2240
       weighted avg       0.80      0.67      0.67      2240

Confusion matrix:
[[ 10   0   0   0   0   0   1   6  27   0   0   0   0   2   2]
 [  0   2   0   0   0   0   1   1   4   0   0   0   0   0   1]
 [  0   0   1   0   0   0   0   6   5   0   0   0   0   0   1]
 [  0   0   1   1   0   0   0   5  10   0   0   0   0   0   0]
 [  0   0   0   0  76   0   0   0   0   0   0   0   0   0   0]
 [  1   0   0   0   0   3   0   3   2   0   0   0   0   0   0]
 [ 19   0   3   1   0   0 145  47 260   0   4  13   1   0   9]
 [  1   0   1   0   0   0   1  35  10   0   1   2   0   1   2]
 [ 31   0   0   2   0   0   1  10 368   0   3   1   0   0   0]
 [  0   0   0   0   0   0   0   0   0 156   0   0   0   0   0]
 [  4   0   2   0   0   0   0  12  23   0  15   0   0   0   1]
 [  3   0   1   0   0   0   1  20  14   0   0   8   0   0   0]
 [  0   0   0   0   0   0   0   0   0   0   0   0 463   0   0]
 [  7   1   0   0   0   1   0  31  81   1   3   1   0 200   6]
 [  3   0   0   0   0   0   0  10   6   0   1   3   0   1  17]]

=== RF on test ===
                     precision    recall  f1-score   support

           Ambience       0.12      0.22      0.15        60
       Availability       0.60      0.27      0.38        11
       Care_quality       0.20      0.06      0.10        16
Cleanliness_hygiene       0.40      0.19      0.26        21
              Delay       1.00      1.00      1.00        96
       Food_quality       0.75      0.27      0.40        11
  Global_experience       0.97      0.21      0.34       628
        Information       0.21      0.73      0.33        67
       Presentation       0.43      0.88      0.58       519
              Price       1.00      1.00      1.00       195
        Price_value       0.48      0.23      0.31        71
    Product_quality       0.28      0.08      0.13        60
            Quality       1.00      1.00      1.00       579
            Service       0.97      0.61      0.75       415
              Speed       0.40      0.37      0.39        51

           accuracy                           0.65      2800
          macro avg       0.59      0.48      0.47      2800
       weighted avg       0.79      0.65      0.64      2800

Confusion matrix:
[[ 13   0   0   0   0   0   1   7  32   0   4   0   0   2   1]
 [  0   3   0   0   0   0   0   3   3   0   0   0   0   1   1]
 [  0   0   1   0   0   0   1   5   5   0   0   0   0   0   4]
 [  1   0   0   4   0   0   0   1  14   0   0   1   0   0   0]
 [  0   0   0   0  96   0   0   0   0   0   0   0   0   0   0]
 [  0   0   0   0   0   3   0   4   4   0   0   0   0   0   0]
 [ 38   1   0   3   0   1 131  55 376   0   3   7   0   3  10]
 [  2   0   1   0   0   0   0  49  10   0   0   1   0   0   4]
 [ 37   0   0   0   0   0   1  13 459   0   5   0   2   2   0]
 [  0   0   0   0   0   0   0   0   0 195   0   0   0   0   0]
 [  4   0   2   2   0   0   0  11  34   0  16   2   0   0   0]
 [  4   1   1   0   0   0   0  25  20   0   1   5   0   0   3]
 [  0   0   0   0   0   0   0   0   0   0   0   0 579   0   0]
 [  9   0   0   1   0   0   1  36 105   0   4   2   0 252   5]
 [  4   0   0   0   0   0   0  19   9   0   0   0   0   0  19]]
