Classical models on TAQYIM
==========================

=== LOGREG on validation ===
                     precision    recall  f1-score   support

           Ambience       0.14      0.29      0.19        48
       Availability       0.38      0.33      0.35         9
       Care_quality       0.25      0.31      0.28        13
Cleanliness_hygiene       0.18      0.35      0.24        17
              Delay       1.00      1.00      1.00        76
       Food_quality       0.17      0.22      0.19         9
  Global_experience       0.80      0.52      0.63       502
        Information       0.35      0.59      0.44        54
       Presentation       0.55      0.70      0.62       416
              Price       1.00      1.00      1.00       156
        Price_value       0.37      0.44      0.40        57
    Product_quality       0.30      0.45      0.36        47
            Quality       1.00      1.00      1.00       463
            Service       0.89      0.65      0.75       332
              Speed       0.45      0.51      0.48        41

           accuracy                           0.71      2240
          macro avg       0.52      0.56      0.53      2240
       weighted avg       0.76      0.71      0.72      2240

Confusion matrix:
[[ 14   0   0   2   0   0   3   1  20   0   2   0   0   5   1]
 [  1   3   0   1   0   0   0   1   1   0   0   1   0   1   0]
 [  0   0   4   1   0   0   0   1   4   0   1   1   0   1   0]
 [  0   0   0   6   0   0   0   0   7   0   1   2   0   1   0]
 [  0   0   0   0  76   0   0   0   0   0   0   0   0   0   0]
 [  2   0   0   0   0   2   1   1   1   0   0   2   0   0   0]
 [ 24   3   7   8   0   3 260  23 129   0   7  21   0  11   6]
 [  1   0   0   2   0   0   4  32   4   0   2   5   0   1   3]
 [ 35   0   2  11   0   6  38   5 293   0  10   8   0   3   5]
 [  0   0   0   0   0   0   0   0   0 156   0   0   0   0   0]
 [  6   0   1   0   0   0   3   2  16   0  25   0   0   2   2]
 [  2   1   0   0   0   0   1   9   8   0   3  21   0   1   1]
 [  0   0   0   0   0   0   0   0   0   0   0   0 463   0   0]
 [ 11   1   2   2   0   1  15  10  45   0  15   5   0 217   8]
 [  4   0   0   0   0   0   1   6   3   0   1   3   0   2  21]]

=== LOGREG on test ===
                     precision    recall  f1-score   support

           Ambience       0.13      0.28      0.18        60
       Availability       0.38      0.27      0.32        11
       Care_quality       0.00      0.00      0.00        16
Cleanliness_hygiene       0.10      0.19      0.13        21
              Delay       1.00      1.00      1.00        96
       Food_quality       0.29      0.36      0.32        11
  Global_experience       0.75      0.46      0.57       628
        Information       0.33      0.63      0.43        67
       Presentation       0.53      0.69      0.60       519
              Price       1.00      1.00      1.00       195
        Price_value       0.35      0.41      0.37        71
    Product_quality       0.20      0.32      0.25        60
            Quality       1.00      1.00      1.00       579
            Service       0.88      0.65      0.75       415
              Speed       0.45      0.45      0.45        51

           accuracy                           0.69      2800
          macro avg       0.49      0.51      0.49      2800
       weighted avg       0.74      0.69      0.70      2800

Confusion matrix:
[[ 17   0   1   1   0   0   7   0  26   0   5   0   0   3   0]
 [  1   3   0   0   0   0   2   2   2   0   0   1   0   0   0]
 [  1   0   0   0   0   0   2   2   3   0   0   5   0   3   0]
 [  4   0   0   4   0   0   4   0   8   0   0   1   0   0   0]
 [  0   0   0   0  96   0   0   0   0   0   0   0   0   0   0]
 [  1   0   0   0   0   4   0   0   3   0   0   2   0   1   0]
 [ 32   1   5  18   0   2 291  28 182   0  15  30   0  13  11]
 [  2   1   0   0   0   0   3  42   7   0   1   9   0   1   1]
 [ 39   1   3  11   0   8  49   5 356   0  19  15   0   7   6]
 [  0   0   0   0   0   0   0   0   0 195   0   0   0   0   0]
 [  9   0   1   2   0   0   5   3  18   0  29   3   0   1   0]
 [  3   1   1   2   0   0   3  13  12   0   3  19   0   1   2]
 [  0   0   0   0   0   0   0   0   0   0   0   0 579   0   0]
 [ 16   1   3   3   0   0  22  23  50   0  12   9   0 268   8]
 [  7   0   0   0   0   0   1   9   5   0   0   1   0   5  23]]

=== SVM on validation ===
                     precision    recall  f1-score   support

           Ambience       0.15      0.21      0.18        48
       Availability       0.20      0.11      0.14         9
       Care_quality       0.27      0.23      0.25        13
Cleanliness_hygiene       0.24      0.35      0.29        17
              Delay       1.00      1.00      1.00        76
       Food_quality       0.09      0.11      0.10         9
  Global_experience       0.66      0.61      0.63       502
        Information       0.39      0.41      0.40        54
       Presentation       0.56      0.61      0.59       416
              Price       0.99      1.00      1.00       156
        Price_value       0.42      0.39      0.40        57
    Product_quality       0.32      0.43      0.37        47
            Quality       1.00      1.00      1.00       463
            Service       0.82      0.74      0.78       332
              Speed       0.49      0.46      0.47        41

           accuracy                           0.72      2240
          macro avg       0.51      0.51      0.51      2240
       weighted avg       0.73      0.72      0.72      2240

Confusion matrix:
[[ 10   0   0   3   0   1   7   1  16   0   2   2   0   5   1]
 [  0   1   0   1   0   0   2   1   2   0   0   0   0   2   0]
 [  0   0   3   0   0   0   2   1   4   0   0   1   0   2   0]
 [  0   0   0   6   0   0   2   0   3   0   1   1   0   4   0]
 [  0   0   0   0  76   0   0   0   0   0   0   0   0   0   0]
 [  1   0   0   0   0   1   1   1   2   0   0   3   0   0   0]
 [ 16   1   4   3   0   4 307  13 112   0   2  14   1  20   5]
 [  1   0   0   1   0   0  12  22   3   0   3   6   0   3   3]
 [ 22   0   2   8   0   3  87   3 254   0  11   9   0  11   6]
 [  0   0   0   0   0   0   0   0   0 156   0   0   0   0   0]
 [  6   0   1   0   0   0   9   1  12   0  22   1   0   4   1]
 [  3   2   0   0   0   0   3   6   7   0   4  20   0   1   1]
 [  0   0   0   0   0   0   0   0   0   0   0   0 463   0   0]
 [  2   1   1   3   0   2  27   3  33   1   8   2   0 246   3]
 [  4   0   0   0   0   0   6   4   2   0   0   3   0   3  19]]

=== SVM on test ===
                     precision    recall  f1-score   support

           Ambience       0.16      0.18      0.17        60
       Availability       0.60      0.27      0.38        11
       Care_quality       0.00      0.00      0.00        16
Cleanliness_hygiene       0.20      0.19      0.20        21
              Delay       1.00      1.00      1.00        96
       Food_quality       0.20      0.27      0.23        11
  Global_experience       0.64      0.56      0.60       628
        Information       0.42      0.52      0.47        67
       Presentation       0.55      0.62      0.58       519
              Price       1.00      1.00      1.00       195
        Price_value       0.45      0.42      0.43        71
    Product_quality       0.20      0.23      0.22        60
            Quality       1.00      1.00      1.00       579
            Service       0.77      0.75      0.76       415
              Speed       0.43      0.39      0.41        51

           accuracy                           0.71      2800
          macro avg       0.51      0.49      0.50      2800
       weighted avg       0.71      0.71      0.71      2800

Confusion matrix:
[[ 11   0   0   1   0   0  13   0  23   0   4   1   0   7   0]
 [  0   3   0   0   0   0   3   1   2   0   0   0   0   1   1]
 [  0   0   0   0   0   0   5   2   3   0   0   2   0   4   0]
 [  0   0   0   4   0   0   7   0   8   0   0   1   0   1   0]
 [  0   0   0   0  96   0   0   0   0   0   0   0   0   0   0]
 [  0   0   0   0   0   3   4   0   2   0   0   0   0   2   0]
 [ 20   1   5   5   0   4 354  14 151   0   9  23   0  36   6]
 [  1   0   0   0   0   0   9  35   6   0   1   6   0   5   4]
 [ 23   0   3   6   0   8  94   4 320   0  14  11   1  27   8]
 [  0   0   0   0   0   0   0   0   0 195   0   0   0   0   0]
 [  4   0   1   2   0   0  10   2  15   0  30   3   0   4   0]
 [  0   1   2   2   0   0  13  10   9   0   4  14   0   2   3]
 [  0   0   0   0   0   0   0   0   0   0   0   0 579   0   0]
 [  6   0   3   0   0   0  31  10  38   0   5   5   0 313   4]
 [  2   0   0   0   0   0   6   5   8   0   0   3   0   7  20]]

=== NB on validation ===
                     precision    recall  f1-score   support

           Ambience       0.00      0.00      0.00        48
       Availability       0.00      0.00      0.00         9
       Care_quality       0.00      0.00      0.00        13
Cleanliness_hygiene       0.00      0.00      0.00        17
              Delay       1.00      1.00      1.00        76
       Food_quality       0.00      0.00      0.00         9
  Global_experience       0.55      0.70      0.62       502
        Information       0.00      0.00      0.00        54
       Presentation       0.51      0.66      0.57       416
              Price       0.99      1.00      1.00       156
        Price_value       0.00      0.00      0.00        57
    Product_quality       0.00      0.00      0.00        47
            Quality       1.00      1.00      1.00       463
            Service       0.67      0.73      0.70       332
              Speed       0.00      0.00      0.00        41

           accuracy                           0.70      2240
          macro avg       0.31      0.34      0.33      2240
       weighted avg       0.63      0.70      0.66      2240

Confusion matrix:
[[  0   0   0   0   0   0  15   0  28   0   0   0   0   5   0]
 [  0   0   0   0   0   0   8   0   1   0   0   0   0   0   0]
 [  0   0   0   0   0   0   1   0   5   0   0   0   0   7   0]
 [  0   0   0   0   0   0   5   0   7   0   0   0   0   5   0]
 [  0   0   0   0  76   0   0   0   0   0   0   0   0   0   0]
 [  0   0   0   0   0   0   4   0   4   0   0   0   0   1   0]
 [  0   0   0   0   0   0 352   0 120   0   0   0   1  29   0]
 [  0   0   0   0   0   0  26   0   6   0   0   0   0  22   0]
 [  0   0   0   0   0   0 136   0 275   0   0   0   0   5   0]
 [  0   0   0   0   0   0   0   0   0 156   0   0   0   0   0]
 [  0   0   0   0   0   0  15   0  30   0   0   0   0  12   0]
 [  0   0   0   0   0   0  26   0  11   0   0   0   0  10   0]
 [  0   0   0   0   0   0   0   0   0   0   0   0 463   0   0]
 [  0   0   0   0   0   0  40   0  49   1   0   0   0 242   0]
 [  0   0   0   0   0   0  13   0   7   0   0   0   0  21   0]]

=== NB on test ===
                     precision    recall  f1-score   support

           Ambience       0.00      0.00      0.00        60
       Availability       0.00      0.00      0.00        11
       Care_quality       0.00      0.00      0.00        16
Cleanliness_hygiene       0.00      0.00      0.00        21
              Delay       1.00      1.00      1.00        96
       Food_quality       0.00      0.00      0.00        11
  Global_experience       0.55      0.65      0.60       628
        Information       0.00      0.00      0.00        67
       Presentation       0.49      0.69      0.57       519
              Price       1.00      1.00      1.00       195
        Price_value       0.00      0.00      0.00        71
    Product_quality       0.00      0.00      0.00        60
            Quality       1.00      1.00      1.00       579
            Service       0.67      0.74      0.71       415
              Speed       0.00      0.00      0.00        51

           accuracy                           0.69      2800
          macro avg       0.31      0.34      0.33      2800
       weighted avg       0.63      0.69      0.66      2800

Confusion matrix:
[[  0   0   0   0   0   0  12   0  40   0   0   0   0   8   0]
 [  0   0   0   0   0   0   4   0   2   0   0   0   0   5   0]
 [  0   0   0   0   0   0   5   0   4   0   0   0   0   7   0]
 [  0   0   0   0   0   0   8   0  11   0   0   0   0   2   0]
 [  0   0   0   0  96   0   0   0   0   0   0   0   0   0   0]
 [  0   0   0   0   0   0   4   0   3   0   0   0   0   4   0]
 [  0   0   0   0   0   0 410   0 186   0   0   0   0  32   0]
 [  0   0   0   0   0   0  26   0   5   0   0   0   0  36   0]
 [  0   0   0   0   0   0 150   0 359   0   0   0   1   9   0]
 [  0   0   0   0   0   0   0   0   0 195   0   0   0   0   0]
 [  0   0   0   0   0   0  21   0  38   0   0   0   0  12   0]
 [  0   0   0   0   0   0  37   0  13   0   0   0   0  10   0]
 [  0   0   0   0   0   0   0   0   0   0   0   0 579   0   0]
 [  0   0   0   0   0   0  44   0  64   0   0   0   0 307   0]
 [  0   0   0   0   0   0  18   0  10   0   0   0   0  23   0]]

=== RF on validation ===
                     precision    recall  f1-score   support

           Ambience       0.14      0.21      0.17        48
       Availability       0.00      0.00      0.00         9
       Care_quality       0.33      0.08      0.12        13
Cleanliness_hygiene       0.67      0.12      0.20        17
              Delay       1.00      1.00      1.00        76
       Food_quality       0.67      0.22      0.33         9
  Global_experience       0.97      0.29      0.44       502
        Information       0.19      0.69      0.29        54
       Presentation       0.45      0.89      0.60       416
              Price       0.99      1.00      1.00       156
        Price_value       0.52      0.23      0.32        57
    Product_quality       0.21      0.13      0.16        47
            Quality       1.00      1.00      1.00       463
            Service       0.96      0.61      0.74       332
              Speed       0.50      0.37      0.42        41

           accuracy                           0.67      2240
          macro avg       0.57      0.45      0.45      2240
       weighted avg       0.80      0.67      0.66      2240

Confusion matrix:
[[ 10   0   0   0   0   0   1   6  27   0   0   1   0   3   0]
 [  0   0   0   0   0   0   0   4   4   0   0   0   0   0   1]
 [  0   0   1   0   0   0   0   5   5   0   0   1   0   0   1]
 [  0   0   1   2   0   0   0   5   9   0   0   0   0   0   0]
 [  0   0   0   0  76   0   0   0   0   0   0   0   0   0   0]
 [  1   0   0   0   0   2   0   2   3   0   0   1   0   0   0]
 [ 17   0   0   0   0   0 145  51 263   0   4  14   1   2   5]
 [  0   0   0   0   0   0   2  37  10   0   1   1   0   1   2]
 [ 29   0   0   1   0   0   0  12 371   0   2   1   0   0   0]
 [  0   0   0   0   0   0   0   0   0 156   0   0   0   0   0]
 [  4   0   1   0   0   0   1  11  24   0  13   0   0   2   1]
 [  2   0   0   0   0   0   0  22  16   0   1   6   0   0   0]
 [  0   0   0   0   0   0   0   0   0   0   0   0 463   0   0]
 [  6   0   0   0   0   1   1  31  82   1   2   2   0 201   5]
 [  3   0   0   0   0   0   0  12   8   0   2   1   0   0  15]]

=== RF on test ===
                     precision    recall  f1-score   support

           Ambience       0.12      0.22      0.16        60
       Availability       0.75      0.27      0.40        11
       Care_quality       0.25      0.06      0.10        16
Cleanliness_hygiene       0.56      0.24      0.33        21
              Delay       1.00      1.00      1.00        96
       Food_quality       1.00      0.27      0.43        11
  Global_experience       0.96      0.20      0.33       628
        Information       0.23      0.72      0.35        67
       Presentation       0.42      0.89      0.57       519
              Price       1.00      1.00      1.00       195
        Price_value       0.55      0.17      0.26        71
    Product_quality       0.16      0.12      0.14        60
            Quality       1.00      1.00      1.00       579
            Service       0.96      0.62      0.75       415
              Speed       0.53      0.35      0.42        51

           accuracy                           0.65      2800
          macro avg       0.63      0.48      0.48      2800
       weighted avg       0.79      0.65      0.64      2800

Confusion matrix:
[[ 13   0   0   1   0   0   0   6  37   0   0   1   0   2   0]
 [  0   3   0   0   0   0   0   2   3   0   0   1   0   1   1]
 [  0   0   1   0   0   0   1   3   6   0   1   2   0   0   2]
 [  1   0   0   5   0   0   0   1  13   0   0   1   0   0   0]
 [  0   0   0   0  96   0   0   0   0   0   0   0   0   0   0]
 [  0   0   0   0   0   3   1   1   4   0   0   1   0   1   0]
 [ 33   1   0   1   0   0 127  50 390   0   0  17   0   4   5]
 [  1   0   0   0   0   0   0  48   9   0   1   5   0   0   3]
 [ 35   0   0   0   0   0   1   8 463   0   3   3   2   2   2]
 [  0   0   0   0   0   0   0   0   0 195   0   0   0   0   0]
 [  6   0   2   2   0   0   0  13  35   0  12   1   0   0   0]
 [  3   0   0   0   0   0   1  27  20   0   1   7   0   0   1]
 [  0   0   0   0   0   0   0   0   0   0   0   0 579   0   0]
 [  9   0   1   0   0   0   1  33 107   0   3   2   0 257   2]
 [  3   0   0   0   0   0   0  18   9   0   1   2   0   0  18]]
