Classical models on TAQYIM
==========================

=== LOGREG on validation ===
                     precision    recall  f1-score   support

           Ambience       0.12      0.38      0.18        48
       Availability       0.25      0.44      0.32         9
       Care_quality       0.10      0.23      0.14        13
Cleanliness_hygiene       0.18      0.35      0.24        17
              Delay       1.00      1.00      1.00        76
       Food_quality       0.13      0.22      0.17         9
  Global_experience       0.91      0.42      0.57       502
        Information       0.29      0.63      0.40        54
       Presentation       0.53      0.73      0.62       416
              Price       0.99      1.00      1.00       156
        Price_value       0.35      0.42      0.38        57
    Product_quality       0.28      0.38      0.32        47
            Quality       1.00      1.00      1.00       463
            Service       0.98      0.55      0.70       332
              Speed       0.37      0.59      0.45        41

           accuracy                           0.68      2240
          macro avg       0.50      0.56      0.50      2240
       weighted avg       0.79      0.68      0.70      2240

Confusion matrix:
[[ 18   1   1   3   0   1   3   1  16   0   1   0   0   2   1]
 [  2   4   0   1   0   0   0   0   1   0   0   0   0   0   1]
 [  0   0   3   0   0   0   0   3   5   0   1   1   0   0   0]
 [  1   0   0   6   0   0   0   0   7   0   1   2   0   0   0]
 [  0   0   0   0  76   0   0   0   0   0   0   0   0   0   0]
 [  2   0   0   0   0   2   0   1   1   0   0   3   0   0   0]
 [ 36   5  12   6   0   4 211  26 149   0  12  26   1   2  12]
 [  1   2   1   2   0   0   2  34   5   0   1   3   0   0   3]
 [ 54   0   4  12   0   6  12   7 303   0  11   4   0   0   3]
 [  0   0   0   0   0   0   0   0   0 156   0   0   0   0   0]
 [  6   0   2   1   0   0   0   1  20   0  24   1   0   0   2]
 [  3   2   1   1   0   0   0   9   7   0   4  18   0   0   2]
 [  0   0   0   0   0   0   0   0   0   0   0   0 463   0   0]
 [ 19   2   5   2   0   2   5  28  52   1  12   5   0 182  17]
 [  5   0   0   0   0   0   0   6   2   0   2   2   0   0  24]]

=== LOGREG on test ===
                     precision    recall  f1-score   support

           Ambience       0.12      0.37      0.18        60
       Availability       0.29      0.45      0.36        11
       Care_quality       0.11      0.25      0.16        16
Cleanliness_hygiene       0.11      0.24      0.15        21
              Delay       1.00      1.00      1.00        96
       Food_quality       0.24      0.45      0.31        11
  Global_experience       0.90      0.37      0.52       628
        Information       0.28      0.61      0.39        67
       Presentation       0.52      0.74      0.61       519
              Price       1.00      1.00      1.00       195
        Price_value       0.32      0.39      0.35        71
    Product_quality       0.17      0.27      0.21        60
            Quality       1.00      1.00      1.00       579
            Service       0.99      0.55      0.71       415
              Speed       0.39      0.55      0.46        51

           accuracy                           0.67      2800
          macro avg       0.50      0.55      0.49      2800
       weighted avg       0.79      0.67      0.69      2800

Confusion matrix:
[[ 22   1   2   1   0   0   1   2  23   0   6   1   0   1   0]
 [  1   5   0   0   0   0   0   2   2   0   0   0   0   0   1]
 [  0   0   4   0   0   0   2   2   3   0   0   4   0   0   1]
 [  4   0   0   5   0   0   1   0  10   0   0   1   0   0   0]
 [  0   0   0   0  96   0   0   0   0   0   0   0   0   0   0]
 [  2   0   1   0   0   5   0   0   2   0   0   1   0   0   0]
 [ 60   6   8  18   0   5 233  29 204   0  18  29   0   1  17]
 [  2   1   1   0   0   0   0  41   8   0   2  10   0   0   2]
 [ 51   1   5  13   0  10  14   8 383   0  17  10   1   1   5]
 [  0   0   0   0   0   0   0   0   0 195   0   0   0   0   0]
 [ 11   0   2   2   0   0   0   5  21   0  28   2   0   0   0]
 [  7   1   2   2   0   0   1  14  11   0   3  16   0   0   3]
 [  0   0   0   0   0   0   0   0   0   0   0   0 579   0   0]
 [ 22   2   9   4   0   1   8  34  62   0  14  16   0 228  15]
 [  9   0   1   0   0   0   0   7   3   0   0   3   0   0  28]]

=== SVM on validation ===
                     precision    recall  f1-score   support

           Ambience       0.17      0.29      0.21        48
       Availability       0.30      0.33      0.32         9
       Care_quality       0.26      0.38      0.31        13
Cleanliness_hygiene       0.29      0.47      0.36        17
              Delay       1.00      1.00      1.00        76
       Food_quality       0.17      0.33      0.22         9
  Global_experience       0.73      0.55      0.63       502
        Information       0.38      0.52      0.44        54
       Presentation       0.56      0.65      0.60       416
              Price       0.99      1.00      1.00       156
        Price_value       0.38      0.44      0.41        57
    Product_quality       0.33      0.45      0.38        47
            Quality       1.00      1.00      1.00       463
            Service       0.86      0.71      0.78       332
              Speed       0.44      0.51      0.47        41

           accuracy                           0.72      2240
          macro avg       0.52      0.58      0.54      2240
       weighted avg       0.75      0.72      0.73      2240

Confusion matrix:
[[ 14   0   0   3   0   2   6   1  15   0   1   1   0   4   1]
 [  0   3   0   1   0   0   0   1   2   0   0   0   0   1   1]
 [  0   0   5   0   0   0   1   0   4   0   1   1   0   1   0]
 [  2   0   0   8   0   0   0   0   4   0   1   0   0   2   0]
 [  0   0   0   0  76   0   0   0   0   0   0   0   0   0   0]
 [  0   0   0   0   0   3   1   1   2   0   0   2   0   0   0]
 [ 20   3   6   3   0   4 277  18 120   0   9  18   1  15   8]
 [  0   0   0   2   0   0   7  28   4   0   3   5   0   2   3]
 [ 26   1   3   9   0   6  63   5 271   0   9   8   0   8   7]
 [  0   0   0   0   0   0   0   0   0 156   0   0   0   0   0]
 [  8   0   2   0   0   0   5   2  11   0  25   1   0   2   1]
 [  4   2   0   0   0   1   0   7   7   0   4  21   0   0   1]
 [  0   0   0   0   0   0   0   0   0   0   0   0 463   0   0]
 [  6   1   3   2   0   2  19   5  39   1  11   3   0 235   5]
 [  4   0   0   0   0   0   2   6   1   0   1   4   0   2  21]]

=== SVM on test ===
                     precision    recall  f1-score   support

           Ambience       0.15      0.23      0.18        60
       Availability       0.36      0.45      0.40        11
       Care_quality       0.08      0.12      0.10        16
Cleanliness_hygiene       0.15      0.24      0.19        21
              Delay       1.00      1.00      1.00        96
       Food_quality       0.21      0.36      0.27        11
  Global_experience       0.73      0.51      0.60       628
        Information       0.41      0.61      0.49        67
       Presentation       0.54      0.63      0.58       519
              Price       1.00      1.00      1.00       195
        Price_value       0.37      0.51      0.43        71
    Product_quality       0.21      0.32      0.25        60
            Quality       1.00      1.00      1.00       579
            Service       0.84      0.71      0.77       415
              Speed       0.41      0.43      0.42        51

           accuracy                           0.70      2800
          macro avg       0.50      0.54      0.51      2800
       weighted avg       0.74      0.70      0.71      2800

Confusion matrix:
[[ 14   0   0   2   0   0   7   0  26   0   5   1   0   4   1]
 [  0   5   0   0   0   0   0   1   1   0   0   1   0   1   2]
 [  0   0   2   0   0   1   4   0   1   0   0   4   0   2   2]
 [  2   0   0   5   0   0   4   0   8   0   0   1   0   1   0]
 [  0   0   0   0  96   0   0   0   0   0   0   0   0   0   0]
 [  1   0   0   0   0   4   1   0   2   0   0   1   0   2   0]
 [ 24   3  10  10   0   4 322  16 165   0  17  24   0  23  10]
 [  1   1   0   0   0   0   1  41   6   0   3   8   0   4   2]
 [ 30   3   4  11   0  10  67   9 328   0  23  16   1  11   6]
 [  0   0   0   0   0   0   0   0   0 195   0   0   0   0   0]
 [  7   0   2   2   0   0   6   1  14   0  36   1   0   2   0]
 [  3   1   3   2   0   0   5  10  10   0   3  19   0   1   3]
 [  0   0   0   0   0   0   0   0   0   0   0   0 579   0   0]
 [ 10   1   5   1   0   0  24  14  42   0   9   9   0 294   6]
 [  4   0   0   0   0   0   3   7   5   0   1   5   0   4  22]]

=== NB on validation ===
                     precision    recall  f1-score   support

           Ambience       0.00      0.00      0.00        48
       Availability       0.00      0.00      0.00         9
       Care_quality       0.00      0.00      0.00        13
Cleanliness_hygiene       0.00      0.00      0.00        17
              Delay       1.00      1.00      1.00        76
       Food_quality       0.00      0.00      0.00         9
  Global_experience       0.60      0.66      0.63       502
        Information       0.89      0.15      0.25        54
       Presentation       0.51      0.72      0.60       416
              Price       0.99      1.00      1.00       156
        Price_value       0.00      0.00      0.00        57
    Product_quality       0.00      0.00      0.00        47
            Quality       1.00      1.00      1.00       463
            Service       0.62      0.75      0.68       332
              Speed       1.00      0.02      0.05        41

           accuracy                           0.71      2240
          macro avg       0.44      0.35      0.35      2240
       weighted avg       0.67      0.71      0.67      2240

Confusion matrix:
[[  0   0   0   0   0   0  12   0  30   0   0   0   0   6   0]
 [  0   0   0   0   0   0   4   1   2   0   0   0   0   2   0]
 [  0   0   0   0   0   0   1   0   5   0   0   0   0   7   0]
 [  0   0   0   0   0   0   4   0   7   0   0   0   0   6   0]
 [  0   0   0   0  76   0   0   0   0   0   0   0   0   0   0]
 [  0   0   0   0   0   0   4   0   4   0   0   0   0   1   0]
 [  0   0   0   0   0   0 329   0 131   0   0   0   1  41   0]
 [  0   0   0   0   0   0  16   8   6   0   0   0   0  24   0]
 [  0   0   0   0   0   0 110   0 299   0   0   0   0   7   0]
 [  0   0   0   0   0   0   0   0   0 156   0   0   0   0   0]
 [  0   0   0   0   0   0   9   0  31   0   0   0   0  17   0]
 [  0   0   0   0   0   0  22   0  11   0   0   0   0  14   0]
 [  0   0   0   0   0   0   0   0   0   0   0   0 463   0   0]
 [  0   0   0   0   0   0  28   0  53   1   0   0   0 250   0]
 [  0   0   0   0   0   0   6   0   9   0   0   0   0  25   1]]

=== NB on test ===
                     precision    recall  f1-score   support

           Ambience       0.00      0.00      0.00        60
       Availability       0.00      0.00      0.00        11
       Care_quality       0.00      0.00      0.00        16
Cleanliness_hygiene       0.00      0.00      0.00        21
              Delay       1.00      1.00      1.00        96
       Food_quality       0.00      0.00      0.00        11
  Global_experience       0.60      0.59      0.59       628
        Information       0.64      0.10      0.18        67
       Presentation       0.48      0.73      0.58       519
              Price       1.00      1.00      1.00       195
        Price_value       0.00      0.00      0.00        71
    Product_quality       1.00      0.02      0.03        60
            Quality       1.00      1.00      1.00       579
            Service       0.61      0.74      0.67       415
              Speed       0.00      0.00      0.00        51

           accuracy                           0.69      2800
          macro avg       0.42      0.35      0.34      2800
       weighted avg       0.66      0.69      0.66      2800

Confusion matrix:
[[  0   0   0   0   0   0  10   0  42   0   0   0   0   8   0]
 [  0   0   0   0   0   0   2   0   2   0   0   0   0   7   0]
 [  0   0   0   0   0   0   2   0   5   0   0   0   0   9   0]
 [  0   0   0   0   0   0   6   0  12   0   0   0   0   3   0]
 [  0   0   0   0  96   0   0   0   0   0   0   0   0   0   0]
 [  0   0   0   0   0   0   4   0   3   0   0   0   0   4   0]
 [  0   0   0   0   0   0 372   0 207   0   0   0   0  49   0]
 [  0   0   0   0   0   0  14   7   7   0   0   0   0  39   0]
 [  0   0   0   0   0   0 129   0 377   0   0   0   1  12   0]
 [  0   0   0   0   0   0   0   0   0 195   0   0   0   0   0]
 [  0   0   0   0   0   0  10   0  40   0   0   0   0  21   0]
 [  0   0   0   0   0   0  26   2  16   0   0   1   0  15   0]
 [  0   0   0   0   0   0   0   0   0   0   0   0 579   0   0]
 [  0   0   0   0   0   0  39   0  67   0   0   0   0 309   0]
 [  0   0   0   0   0   0   9   2  12   0   0   0   0  28   0]]

=== RF on validation ===
                     precision    recall  f1-score   support

           Ambience       0.50      0.04      0.08        48
       Availability       0.00      0.00      0.00         9
       Care_quality       0.20      0.08      0.11        13
Cleanliness_hygiene       0.00      0.00      0.00        17
              Delay       1.00      1.00      1.00        76
       Food_quality       0.00      0.00      0.00         9
  Global_experience       0.58      0.65      0.61       502
        Information       0.78      0.13      0.22        54
       Presentation       0.54      0.71      0.61       416
              Price       0.99      1.00      1.00       156
        Price_value       0.73      0.19      0.31        57
    Product_quality       0.50      0.06      0.11        47
            Quality       1.00      1.00      1.00       463
            Service       0.83      0.72      0.77       332
              Speed       0.83      0.24      0.38        41

           accuracy                           0.71      2240
          macro avg       0.57      0.39      0.41      2240
       weighted avg       0.74      0.71      0.70      2240

Confusion matrix:
[[  2   0   0   2   0   0  13   0  26   0   0   0   0   5   0]
 [  0   0   0   1   0   0   6   0   2   0   0   0   0   0   0]
 [  0   0   1   1   0   0   6   0   3   0   0   0   0   2   0]
 [  0   0   0   0   0   0  10   0   6   0   1   0   0   0   0]
 [  0   0   0   0  76   0   0   0   0   0   0   0   0   0   0]
 [  0   0   0   0   0   0   5   0   3   0   0   0   0   1   0]
 [  0   0   3  29   0   2 328   1 120   0   0   2   1  15   1]
 [  0   0   0   1   0   0  33   7   6   0   1   0   0   6   0]
 [  1   0   0  43   0   0  67   0 295   0   0   1   0   8   1]
 [  0   0   0   0   0   0   0   0   0 156   0   0   0   0   0]
 [  0   0   0   1   0   0  22   0  19   0  11   0   0   4   0]
 [  0   0   0   3   0   0  28   1  10   0   0   3   0   2   0]
 [  0   0   0   0   0   0   0   0   0   0   0   0 463   0   0]
 [  0   0   1   3   0   1  34   0  51   1   2   0   0 239   0]
 [  1   0   0   2   0   0  17   0   4   0   0   0   0   7  10]]

=== RF on test ===
                     precision    recall  f1-score   support

           Ambience       0.33      0.02      0.03        60
       Availability       0.00      0.00      0.00        11
       Care_quality       0.00      0.00      0.00        16
Cleanliness_hygiene       0.03      0.14      0.04        21
              Delay       1.00      1.00      1.00        96
       Food_quality       0.29      0.18      0.22        11
  Global_experience       0.57      0.60      0.58       628
        Information       0.59      0.15      0.24        67
       Presentation       0.52      0.70      0.59       519
              Price       1.00      1.00      1.00       195
        Price_value       0.78      0.25      0.38        71
    Product_quality       0.33      0.03      0.06        60
            Quality       1.00      1.00      1.00       579
            Service       0.79      0.71      0.75       415
              Speed       0.89      0.16      0.27        51

           accuracy                           0.70      2800
          macro avg       0.54      0.40      0.41      2800
       weighted avg       0.72      0.70      0.69      2800

Confusion matrix:
[[  1   0   0   1   0   0  15   0  37   0   0   0   0   6   0]
 [  0   0   0   1   0   0   7   0   1   0   0   0   0   2   0]
 [  0   0   0   0   0   0   9   0   4   0   0   0   0   3   0]
 [  0   0   0   3   0   0   9   0   9   0   0   0   0   0   0]
 [  0   0   0   0  96   0   0   0   0   0   0   0   0   0   0]
 [  0   0   0   0   0   2   5   0   2   0   0   0   0   2   0]
 [  0   0   3  46   0   2 376   1 173   0   0   2   0  25   0]
 [  0   0   0   1   0   0  37  10   6   0   0   1   0  11   1]
 [  1   0   1  53   0   3  80   0 364   0   2   1   1  13   0]
 [  0   0   0   0   0   0   0   0   0 195   0   0   0   0   0]
 [  0   0   1   1   0   0  22   0  27   0  18   0   0   2   0]
 [  0   0   0   3   0   0  32   4  12   0   0   2   0   7   0]
 [  0   0   0   0   0   0   0   0   0   0   0   0 579   0   0]
 [  1   0   2   7   0   0  44   1  62   0   3   0   0 295   0]
 [  0   0   0   1   0   0  25   1   8   0   0   0   0   8   8]]
