Classical models on TAQYIM
==========================

=== LOGREG on validation ===
                     precision    recall  f1-score   support

           Ambience       0.13      0.33      0.18        48
       Availability       0.30      0.33      0.32         9
       Care_quality       0.22      0.31      0.26        13
Cleanliness_hygiene       0.16      0.35      0.22        17
              Delay       1.00      1.00      1.00        76
       Food_quality       0.12      0.22      0.16         9
  Global_experience       0.85      0.44      0.58       502
        Information       0.29      0.65      0.40        54
       Presentation       0.54      0.71      0.61       416
              Price       1.00      1.00      1.00       156
        Price_value       0.38      0.46      0.41        57
    Product_quality       0.26      0.43      0.33        47
            Quality       1.00      1.00      1.00       463
            Service       0.93      0.59      0.73       332
              Speed       0.41      0.51      0.46        41

           accuracy                           0.69      2240
          macro avg       0.51      0.56      0.51      2240
       weighted avg       0.77      0.69      0.71      2240

Confusion matrix:
[[ 16   0   0   2   0   1   3   3  18   0   1   0   0   3   1]
 [  1   3   0   1   0   0   0   1   2   0   0   1   0   0   0]
 [  0   0   4   1   0   0   0   2   4   0   1   1   0   0   0]
 [  1   0   0   6   0   0   0   0   7   0   1   2   0   0   0]
 [  0   0   0   0  76   0   0   0   0   0   0   0   0   0   0]
 [  2   0   0   0   0   2   1   1   1   0   0   2   0   0   0]
 [ 32   4   7   9   0   4 221  32 145   0   8  28   0   6   6]
 [  2   1   0   2   0   0   2  35   4   0   1   4   0   0   3]
 [ 44   0   2  13   0   7  23   6 294   0  12   8   0   2   5]
 [  0   0   0   0   0   0   0   0   0 156   0   0   0   0   0]
 [  6   0   1   0   0   0   0   3  17   0  26   1   0   1   2]
 [  4   1   0   1   0   0   1   9   6   0   4  20   0   0   1]
 [  0   0   0   0   0   0   0   0   0   0   0   0 463   0   0]
 [ 14   1   4   2   0   2  10  22  49   0  13   6   0 197  12]
 [  5   0   0   0   0   0   0   6   2   0   2   3   0   2  21]]

=== LOGREG on test ===
                     precision    recall  f1-score   support

           Ambience       0.11      0.30      0.16        60
       Availability       0.30      0.27      0.29        11
       Care_quality       0.13      0.19      0.15        16
Cleanliness_hygiene       0.10      0.24      0.14        21
              Delay       1.00      1.00      1.00        96
       Food_quality       0.19      0.27      0.22        11
  Global_experience       0.83      0.40      0.54       628
        Information       0.30      0.66      0.41        67
       Presentation       0.53      0.71      0.60       519
              Price       1.00      1.00      1.00       195
        Price_value       0.32      0.39      0.35        71
    Product_quality       0.17      0.27      0.21        60
            Quality       1.00      1.00      1.00       579
            Service       0.96      0.61      0.75       415
              Speed       0.38      0.47      0.42        51

           accuracy                           0.68      2800
          macro avg       0.49      0.52      0.48      2800
       weighted avg       0.77      0.68      0.69      2800

Confusion matrix:
[[ 18   0   1   2   0   0   3   2  25   0   6   0   0   2   1]
 [  1   3   0   0   0   0   0   2   2   0   0   3   0   0   0]
 [  1   0   3   0   0   0   2   5   3   0   0   2   0   0   0]
 [  4   0   0   5   0   0   2   0   9   0   0   1   0   0   0]
 [  0   0   0   0  96   0   0   0   0   0   0   0   0   0   0]
 [  1   0   0   0   0   3   0   2   3   0   0   2   0   0   0]
 [ 50   2   6  21   0   3 253  33 194   0  13  31   0   4  18]
 [  2   1   0   0   0   0   1  44   7   0   2   9   0   0   1]
 [ 45   1   3  12   0  10  26   6 369   0  22  15   0   3   7]
 [  0   0   0   0   0   0   0   0   0 195   0   0   0   0   0]
 [ 11   0   1   2   0   0   2   5  20   0  28   2   0   0   0]
 [  5   1   2   3   0   0   1  15  12   0   2  16   0   0   3]
 [  0   0   0   0   0   0   0   0   0   0   0   0 579   0   0]
 [ 21   2   6   5   0   0  14  25  53   0  14  12   0 254   9]
 [  7   0   1   0   0   0   1   9   5   0   0   2   0   2  24]]

=== SVM on validation ===
                     precision    recall  f1-score   support

           Ambience       0.17      0.25      0.20        48
       Availability       0.33      0.22      0.27         9
       Care_quality       0.21      0.23      0.22        13
Cleanliness_hygiene       0.22      0.35      0.27        17
              Delay       1.00      1.00      1.00        76
       Food_quality       0.14      0.22      0.17         9
  Global_experience       0.70      0.59      0.64       502
        Information       0.39      0.44      0.41        54
       Presentation       0.56      0.63      0.60       416
              Price       0.99      1.00      1.00       156
        Price_value       0.43      0.42      0.42        57
    Product_quality       0.33      0.45      0.38        47
            Quality       1.00      1.00      1.00       463
            Service       0.83      0.73      0.77       332
              Speed       0.49      0.54      0.51        41

           accuracy                           0.72      2240
          macro avg       0.52      0.54      0.52      2240
       weighted avg       0.74      0.72      0.73      2240

Confusion matrix:
[[ 12   0   0   3   0   2   5   1  17   0   1   1   0   5   1]
 [  0   2   0   1   0   0   2   1   2   0   0   0   0   1   0]
 [  0   0   3   0   0   0   2   0   4   0   0   2   0   2   0]
 [  1   0   0   6   0   0   0   0   4   0   1   1   0   4   0]
 [  0   0   0   0  76   0   0   0   0   0   0   0   0   0   0]
 [  0   0   0   0   0   2   1   1   2   0   0   3   0   0   0]
 [ 17   1   6   4   0   3 298  14 114   0   3  15   1  21   5]
 [  1   0   0   1   0   0  11  24   3   0   3   5   0   3   3]
 [ 24   0   2   9   0   5  74   4 263   0  10   9   0   8   8]
 [  0   0   0   0   0   0   0   0   0 156   0   0   0   0   0]
 [  6   0   1   0   0   0   6   2  13   0  24   1   0   3   1]
 [  3   2   0   0   0   0   2   6   6   0   5  21   0   1   1]
 [  0   0   0   0   0   0   0   0   0   0   0   0 463   0   0]
 [  4   1   2   3   0   2  24   3  36   1   9   2   0 241   4]
 [  4   0   0   0   0   0   2   6   2   0   0   3   0   2  22]]

=== SVM on test ===
                     precision    recall  f1-score   support

           Ambience       0.15      0.20      0.17        60
       Availability       0.43      0.27      0.33        11
       Care_quality       0.05      0.06      0.06        16
Cleanliness_hygiene       0.17      0.19      0.18        21
              Delay       1.00      1.00      1.00        96
       Food_quality       0.24      0.36      0.29        11
  Global_experience       0.68      0.56      0.61       628
        Information       0.42      0.57      0.48        67
       Presentation       0.55      0.63      0.59       519
              Price       1.00      1.00      1.00       195
        Price_value       0.41      0.44      0.42        71
    Product_quality       0.21      0.25      0.23        60
            Quality       1.00      1.00      1.00       579
            Service       0.81      0.74      0.77       415
              Speed       0.45      0.45      0.45        51

           accuracy                           0.71      2800
          macro avg       0.50      0.51      0.51      2800
       weighted avg       0.72      0.71      0.71      2800

Confusion matrix:
[[ 12   0   0   2   0   0  12   0  23   0   3   1   0   7   0]
 [  0   3   0   0   0   0   2   1   2   0   0   1   0   1   1]
 [  0   0   1   0   0   1   4   2   2   0   0   2   0   4   0]
 [  1   0   0   4   0   0   6   0   8   0   0   1   0   1   0]
 [  0   0   0   0  96   0   0   0   0   0   0   0   0   0   0]
 [  0   0   0   0   0   4   3   0   2   0   0   0   0   2   0]
 [ 22   1   6   7   0   3 349  15 155   0  11  24   0  27   8]
 [  1   1   0   0   0   0   7  38   5   0   1   7   0   4   3]
 [ 27   0   4   5   0   9  85   5 327   0  19  12   1  17   8]
 [  0   0   0   0   0   0   0   0   0 195   0   0   0   0   0]
 [  6   0   1   2   0   0   9   2  14   0  31   3   0   3   0]
 [  2   1   3   2   0   0   8  11  10   0   4  15   0   1   3]
 [  0   0   0   0   0   0   0   0   0   0   0   0 579   0   0]
 [  8   1   4   1   0   0  24  12  39   0   7   5   0 309   5]
 [  2   0   0   0   0   0   4   5   8   0   0   2   0   7  23]]

=== NB on validation ===
                     precision    recall  f1-score   support

           Ambience       0.00      0.00      0.00        48
       Availability       0.00      0.00      0.00         9
       Care_quality       0.00      0.00      0.00        13
Cleanliness_hygiene       0.00      0.00      0.00        17
              Delay       1.00      1.00      1.00        76
       Food_quality       0.00      0.00      0.00         9
  Global_experience       0.55      0.70      0.62       502
        Information       0.00      0.00      0.00        54
       Presentation       0.51      0.66      0.57       416
              Price       0.99      1.00      1.00       156
        Price_value       0.00      0.00      0.00        57
    Product_quality       0.00      0.00      0.00        47
            Quality       1.00      1.00      1.00       463
            Service       0.67      0.73      0.70       332
              Speed       0.00      0.00      0.00        41

           accuracy                           0.70      2240
          macro avg       0.31      0.34      0.33      2240
       weighted avg       0.63      0.70      0.66      2240

Confusion matrix:
[[  0   0   0   0   0   0  15   0  28   0   0   0   0   5   0]
 [  0   0   0   0   0   0   8   0   1   0   0   0   0   0   0]
 [  0   0   0   0   0   0   1   0   5   0   0   0   0   7   0]
 [  0   0   0   0   0   0   5   0   7   0   0   0   0   5   0]
 [  0   0   0   0  76   0   0   0   0   0   0   0   0   0   0]
 [  0   0   0   0   0   0   4   0   4   0   0   0   0   1   0]
 [  0   0   0   0   0   0 352   0 120   0   0   0   1  29   0]
 [  0   0   0   0   0   0  26   0   6   0   0   0   0  22   0]
 [  0   0   0   0   0   0 136   0 275   0   0   0   0   5   0]
 [  0   0   0   0   0   0   0   0   0 156   0   0   0   0   0]
 [  0   0   0   0   0   0  15   0  30   0   0   0   0  12   0]
 [  0   0   0   0   0   0  26   0  11   0   0   0   0  10   0]
 [  0   0   0   0   0   0   0   0   0   0   0   0 463   0   0]
 [  0   0   0   0   0   0  40   0  49   1   0   0   0 242   0]
 [  0   0   0   0   0   0  13   0   7   0   0   0   0  21   0]]

=== NB on test ===
                     precision    recall  f1-score   support

           Ambience       0.00      0.00      0.00        60
       Availability       0.00      0.00      0.00        11
       Care_quality       0.00      0.00      0.00        16
Cleanliness_hygiene       0.00      0.00      0.00        21
              Delay       1.00      1.00      1.00        96
       Food_quality       0.00      0.00      0.00        11
  Global_experience       0.55      0.65      0.60       628
        Information       0.00      0.00      0.00        67
       Presentation       0.49      0.69      0.57       519
              Price       1.00      1.00      1.00       195
        Price_value       0.00      0.00      0.00        71
    Product_quality       0.00      0.00      0.00        60
            Quality       1.00      1.00      1.00       579
            Service       0.67      0.74      0.71       415
              Speed       0.00      0.00      0.00        51

           accuracy                           0.69      2800
          macro avg       0.31      0.34      0.33      2800
       weighted avg       0.63      0.69      0.66      2800

Confusion matrix:
[[  0   0   0   0   0   0  12   0  40   0   0   0   0   8   0]
 [  0   0   0   0   0   0   4   0   2   0   0   0   0   5   0]
 [  0   0   0   0   0   0   5   0   4   0   0   0   0   7   0]
 [  0   0   0   0   0   0   8   0  11   0   0   0   0   2   0]
 [  0   0   0   0  96   0   0   0   0   0   0   0   0   0   0]
 [  0   0   0   0   0   0   4   0   3   0   0   0   0   4   0]
 [  0   0   0   0   0   0 410   0 186   0   0   0   0  32   0]
 [  0   0   0   0   0   0  26   0   5   0   0   0   0  36   0]
 [  0   0   0   0   0   0 150   0 359   0   0   0   1   9   0]
 [  0   0   0   0   0   0   0   0   0 195   0   0   0   0   0]
 [  0   0   0   0   0   0  21   0  38   0   0   0   0  12   0]
 [  0   0   0   0   0   0  37   0  13   0   0   0   0  10   0]
 [  0   0   0   0   0   0   0   0   0   0   0   0 579   0   0]
 [  0   0   0   0   0   0  44   0  64   0   0   0   0 307   0]
 [  0   0   0   0   0   0  18   0  10   0   0   0   0  23   0]]

=== RF on validation ===
                     precision    recall  f1-score   support

           Ambience       0.67      0.04      0.08        48
       Availability       0.00      0.00      0.00         9
       Care_quality       0.17      0.08      0.11        13
Cleanliness_hygiene       0.01      0.06      0.02        17
              Delay       1.00      1.00      1.00        76
       Food_quality       0.00      0.00      0.00         9
  Global_experience       0.60      0.66      0.63       502
        Information       0.64      0.17      0.26        54
       Presentation       0.54      0.72      0.61       416
              Price       1.00      1.00      1.00       156
        Price_value       0.84      0.28      0.42        57
    Product_quality       0.60      0.06      0.12        47
            Quality       1.00      1.00      1.00       463
            Service       0.84      0.73      0.79       332
              Speed       0.82      0.22      0.35        41

           accuracy                           0.72      2240
          macro avg       0.58      0.40      0.43      2240
       weighted avg       0.75      0.72      0.71      2240

Confusion matrix:
[[  2   0   0   2   0   0  11   0  28   0   0   0   0   5   0]
 [  0   0   0   1   0   0   6   0   2   0   0   0   0   0   0]
 [  0   0   1   1   0   0   7   0   3   0   0   0   0   1   0]
 [  0   0   1   1   0   0   8   0   6   0   1   0   0   0   0]
 [  0   0   0   0  76   0   0   0   0   0   0   0   0   0   0]
 [  0   0   0   0   0   0   5   0   4   0   0   0   0   0   0]
 [  0   0   3  29   0   2 331   3 120   0   0   1   0  13   0]
 [  0   0   0   1   0   0  32   9   6   0   0   0   0   5   1]
 [  0   0   0  42   0   0  62   1 298   0   0   1   0  11   1]
 [  0   0   0   0   0   0   0   0   0 156   0   0   0   0   0]
 [  0   0   0   1   0   0  20   0  17   0  16   0   0   3   0]
 [  0   0   0   2   0   0  28   1  11   0   0   3   0   2   0]
 [  0   0   0   0   0   0   0   0   0   0   0   0 463   0   0]
 [  0   0   1   3   0   1  25   0  56   0   2   0   0 244   0]
 [  1   0   0   2   0   0  19   0   5   0   0   0   0   5   9]]

=== RF on test ===
                     precision    recall  f1-score   support

           Ambience       0.00      0.00      0.00        60
       Availability       0.00      0.00      0.00        11
       Care_quality       0.00      0.00      0.00        16
Cleanliness_hygiene       0.03      0.14      0.04        21
              Delay       1.00      1.00      1.00        96
       Food_quality       0.29      0.18      0.22        11
  Global_experience       0.58      0.60      0.59       628
        Information       0.62      0.19      0.30        67
       Presentation       0.51      0.70      0.59       519
              Price       1.00      1.00      1.00       195
        Price_value       0.79      0.21      0.33        71
    Product_quality       0.40      0.03      0.06        60
            Quality       1.00      1.00      1.00       579
            Service       0.80      0.71      0.75       415
              Speed       1.00      0.16      0.27        51

           accuracy                           0.70      2800
          macro avg       0.53      0.40      0.41      2800
       weighted avg       0.72      0.70      0.69      2800

Confusion matrix:
[[  0   0   0   1   0   0  11   0  42   0   0   0   0   6   0]
 [  0   0   0   1   0   0   7   0   1   0   0   0   0   2   0]
 [  0   0   0   0   0   0   7   0   4   0   0   0   0   5   0]
 [  0   0   0   3   0   0   9   0   9   0   0   0   0   0   0]
 [  0   0   0   0  96   0   0   0   0   0   0   0   0   0   0]
 [  0   0   0   0   0   2   5   0   2   0   0   0   0   2   0]
 [  0   0   3  46   0   2 377   2 171   0   1   2   0  24   0]
 [  0   0   0   1   0   0  41  13   7   0   0   0   0   5   0]
 [  1   0   1  53   0   3  79   1 365   0   1   1   0  14   0]
 [  0   0   0   0   0   0   0   0   0 195   0   0   0   0   0]
 [  0   0   2   2   0   0  19   0  31   0  15   0   0   2   0]
 [  0   0   0   3   0   0  34   2  12   0   0   2   0   7   0]
 [  0   0   0   0   0   0   0   0   0   0   0   0 579   0   0]
 [  2   0   2   7   0   0  41   1  65   0   2   0   0 295   0]
 [  0   0   0   1   0   0  22   2  10   0   0   0   0   8   8]]
